    const cube_pcnt = new Float32Array([
        // position            color             normal            texcoord
        // top surface
         1.0,  1.0, -1.0,    0.0, 1.0, 0.0,    0.0,  1.0, 0.0,    0.0, 0.0,
        -1.0,  1.0, -1.0,    0.0, 1.0, 0.0,    0.0,  1.0, 0.0,    1.0, 0.0,
        -1.0,  1.0,  1.0,    0.0, 1.0, 0.0,    0.0,  1.0, 0.0,    1.0, 1.0,
        -1.0,  1.0,  1.0,    0.0, 1.0, 0.0,    0.0,  1.0, 0.0,    1.0, 1.0,
         1.0,  1.0,  1.0,    0.0, 1.0, 0.0,    0.0,  1.0, 0.0,    0.0, 1.0,
         1.0,  1.0, -1.0,    0.0, 1.0, 0.0,    0.0,  1.0, 0.0,    0.0, 0.0,
        // bottom surface
         1.0, -1.0,  1.0,    1.0, 0.5, 0.0,    0.0, -1.0, 0.0,    0.0, 0.0,
        -1.0, -1.0,  1.0,    1.0, 0.5, 0.0,    0.0, -1.0, 0.0,    1.0, 0.0,
        -1.0, -1.0, -1.0,    1.0, 0.5, 0.0,    0.0, -1.0, 0.0,    1.0, 1.0,
        -1.0, -1.0, -1.0,    1.0, 0.5, 0.0,    0.0, -1.0, 0.0,    1.0, 1.0,
         1.0, -1.0, -1.0,    1.0, 0.5, 0.0,    0.0, -1.0, 0.0,    0.0, 1.0,
         1.0, -1.0,  1.0,    1.0, 0.5, 0.0,    0.0, -1.0, 0.0,    0.0, 0.0,
        // front surface
         1.0,  1.0,  1.0,    1.0, 0.0, 0.0,    0.0, 0.0,  1.0,    0.0, 0.0,
        -1.0,  1.0,  1.0,    1.0, 0.0, 0.0,    0.0, 0.0,  1.0,    1.0, 0.0,
        -1.0, -1.0,  1.0,    1.0, 0.0, 0.0,    0.0, 0.0,  1.0,    1.0, 1.0,
        -1.0, -1.0,  1.0,    1.0, 0.0, 0.0,    0.0, 0.0,  1.0,    1.0, 1.0,
         1.0, -1.0,  1.0,    1.0, 0.0, 0.0,    0.0, 0.0,  1.0,    0.0, 1.0,
         1.0,  1.0,  1.0,    1.0, 0.0, 0.0,    0.0, 0.0,  1.0,    0.0, 0.0,
        // back surface
         1.0, -1.0, -1.0,    1.0, 1.0, 0.0,    0.0, 0.0, -1.0,    0.0, 0.0,
        -1.0, -1.0, -1.0,    1.0, 1.0, 0.0,    0.0, 0.0, -1.0,    1.0, 0.0,
        -1.0,  1.0, -1.0,    1.0, 1.0, 0.0,    0.0, 0.0, -1.0,    1.0, 1.0,
        -1.0,  1.0, -1.0,    1.0, 1.0, 0.0,    0.0, 0.0, -1.0,    1.0, 1.0,
         1.0,  1.0, -1.0,    1.0, 1.0, 0.0,    0.0, 0.0, -1.0,    0.0, 1.0,
         1.0, -1.0, -1.0,    1.0, 1.0, 0.0,    0.0, 0.0, -1.0,    0.0, 0.0,
        // left surface
        -1.0,  1.0,  1.0,    0.0, 0.0, 1.0,   -1.0, 0.0, 0.0,    0.0, 0.0,
        -1.0,  1.0, -1.0,    0.0, 0.0, 1.0,   -1.0, 0.0, 0.0,    1.0, 0.0,
        -1.0, -1.0, -1.0,    0.0, 0.0, 1.0,   -1.0, 0.0, 0.0,    1.0, 1.0,
        -1.0, -1.0, -1.0,    0.0, 0.0, 1.0,   -1.0, 0.0, 0.0,    1.0, 1.0,
        -1.0, -1.0,  1.0,    0.0, 0.0, 1.0,   -1.0, 0.0, 0.0,    0.0, 1.0,
        -1.0,  1.0,  1.0,    0.0, 0.0, 1.0,   -1.0, 0.0, 0.0,    0.0, 0.0,
        // right surface
         1.0,  1.0, -1.0,    1.0, 0.0, 1.0,    1.0, 0.0, 0.0,    0.0, 0.0,
         1.0,  1.0,  1.0,    1.0, 0.0, 1.0,    1.0, 0.0, 0.0,    1.0, 0.0,
         1.0, -1.0,  1.0,    1.0, 0.0, 1.0,    1.0, 0.0, 0.0,    1.0, 1.0,
         1.0, -1.0,  1.0,    1.0, 0.0, 1.0,    1.0, 0.0, 0.0,    1.0, 1.0,
         1.0, -1.0, -1.0,    1.0, 0.0, 1.0,    1.0, 0.0, 0.0,    0.0, 1.0,
         1.0,  1.0, -1.0,    1.0, 0.0, 1.0,    1.0, 0.0, 0.0,    0.0, 0.0
    ]);
